596
701
689
683
652
717
845
574
593
711
523
613
556
645
526
615
616
486
758
516
448
842
852
585
489
719
552
573
599
521
839
478
507
547
561
726
692
555
510
624
550
661
857
545
615
655
829
569
638
748
524
660
668
672
682
742
823
864
506
539
865
869
808
485
481
857
542
550
471
569
620
818
577
685
575
585
757
767
775
833
554
763
475
808
752
517
625
776
845
448
445
737
656
548
594
562
595
657
469
623
719
626
652
691
757
681
516
452
800
777
607
673
626
772
545
459
502
791
617
527
535
775
644
713
512
761
540
813
444
725
678
572
475
755
669
810
682
766
812
609
571
814
632
784
815
646
561
648
662
785
820
672
487
556
846
624
550
813
510
484
618
492
853
583
472
619
857
454
450
695
517
717
507
805
612
732
657
599
523
521
574
667
815
548
873
673
752
643
738
787
849
849
824
705
524
799
591
872
488
478
717
612
498
562
839
745
842
752
556
585
665
867
627
545
522
670
845
612
515
791
676
456
738
637
832
608
598
672
508
560
755
844
733
839
600
701
509
479
669
654
793
516
798
860
735
508
855
520
490
849
517
724
587
635
467
660
589
596
580
537
618
501
688
640
585
840
790
784
556
848
547
752
468
538
801
712
607
851
724
677
678
733
557
870
741
634
628
601
710
533
588
780
786
577
471
604
803
800
561
472
692
468
575
613
810
863
676
715
456
739
584
485
707
714
603
533
846
643
793
534
516
845
699
824
566
864
794
725
846
537
448
528
715
752
645
580
618
681
765
484
779
515
462
876
710
824
538
712
751
489
659
770
701
677
785
479
559
800
508
730
455
646
467
695
783
512
499
516
445
739
497
815
456
478
455
730
610
722
568
465
553
553
752
811
779
605
785
569
724
760
819
582
730
589
442
622
795
584
657
736
695
693
623
805
502
509
782
627
831
627
750
657
473
688
468
657
601
714
492
515
601
534
715
691
577
662
781
514
610
570
455
557
531
831
819
492
803
718
697
452
618
664
535
697
632
705
522
763
850
837
689
559
667
473
706
662
692
520
657
755
753
845
709
551
765
663
608
685
825
631
605
541
653
482
692
555
681
863
611
445
479
667
812
528
654
447
577
662
516
755
671
651
512
679
727
704
644
804
729
632
751
547
621
644
801
611
537
591
716
865
497
819
851
839
477
478
718
506
541
760
535
506
455
831
766
586
703
591
680
576
734
845
451
457
575
579
615
511
758
474
628
446
721
474
565
586
616
750
452
713
500
550
810
774
476
484
776
839
461
778
745
673
788
760
450
524
775
504
696
795
641
867
599
779
691
839
739
625
683
720
558
547
701
508
821
779
775
659
631
607
817
483
780
608
771
754
835
709
728
753
568
673
524
862
709
729
648
745
872
758
781
758
869
859
644
475
548
567
755
671
599
601
755
845
574
668
656
617
582
552
659
752
642
702
699
733
731
592
627
835
639
588
776
539
549
663
875
573
747
773
542
830
523
509
521
838
477
666
717
698
809
531
482
589
526
702
822
521
611
620
732
565
853
652
519
839
572
461
861
611
611
448
597
763
537
796
810
593
559
859
650
869
473
809
504
525
818
573
615
827
528
807
482
604
564
470
681
708
458
706
526
447
599
780
638
492
839
741
819
745
846
870
652
745
498
587
774
561
718
803
523
850
673
782
708
709
553
553
581
570
718
704
729
448
527
451
558
705
661
675
449
526
792
605
828
823
790
694
485
540
691
581
675
618
873
676
545
650
678
503
863
535
518
640
707
533
717
443
481
855
633
720
557
652
525
745
586
582
726
520
856
707
780
694
726
611
533
579
443
864
867
530
655
618
505
446
477
479
471
771
543
676
631
579
446
494
615
790
604
659
676
715
562
561
821
685
511
666
810
757
674
768
515
863
681
761
470
594
449
513
516
539
542
464
630
458
846
521
834
849
482
775
749
442
796
649
505
443
550
472
527
621
876
554
500
706
698
815
490
844
611
709
673
606
494
471
601
685
704
836
640
525
756
593
852
676
749
874
730
465
461
494
616
737
692
537
793
457
586
849
708
636
747
778
560
755
847
692
764
622
449
525
698
641
513
775
470
502
443
722
494
771
541
447
664
868
713
772
720
817
835
627
741
463
491
770
526
622
798
701
753
462
527
461
769
786
699
642
460
864
569
618
593
747
777
659
490
683
777
668
549
459
863
850
812
613
689
473
797
615
571
793
542
845
795
470
622
797
478
834
500
494
611
671
509
712
844
820
851
463
624
553
832
865
533
765
672
514
698
511
496
833
785
457
665
584
745
496
693
596
499
484
605
473
710
463
448
840
757
631
611
614
830
762
504
865
653
614
739
538
724
864
860
677
552
834
523
676
644
804
835
456
552
749
704
595
661
837
638
553
491
734
500
581
675
448
633
615
842
592
555
741
554
709
641
654
793
576
621
441
501
589
805
816
715
514
694
499
658
475
718
540
469
504
773
465
541
570
723
496
625
643
450
647
563
819
669
845
534
690
609
687
719
807
482
775
581
531
832
766
580
467
835
795
476
470
552
484
499
690
732
739
448
720
815
611
708
779
865
579
672
682
637
565
626
740
792
532
844
855
874
573
482
450
602
544
580
631
718
711
740
543
461
612
803
626
485
568
792
571
726
521
750
449
543
493
489
659
677
790
777
467
655
584
653
831
680
838
757
777
693
685
599
695
612
812
697
671
589
683
686
788
855
702
491
591
506
628
860
746
766
794
550
540
728
546
521
665
820
502
669
658
841
500
514
639
496
468
490
631
694
535
605
485
829
579
503
688
664
708
572
700
479
784
735
570
460
443
456
570
567
777
588
691
556
869
815
803
714
684
615
460
598
480
502
511
570
545
808
660
734
754
751
674
701
526
615
616
487
562
516
448
841
851
585
489
719
552
572
599
520
838
478
507
547
792
726
692
555
510
624
550
708
857
545
615
654
828
569
637
748
524
659
668
672
681
742
823
705
506
539
865
868
807
485
480
857
541
550
470
569
620
818
577
690
575
585
756
767
775
833
526
763
474
807
751
516
625
776
845
443
445
737
656
548
593
562
653
657
469
623
719
625
653
743
756
681
516
452
800
777
607
672
601
772
546
459
501
791
617
664
534
775
644
713
512
761
539
813
443
724
678
572
474
755
669
660
682
766
812
609
571
814
542
784
815
647
561
648
661
784
820
677
487
556
845
624
550
813
707
483
617
491
852
582
472
688
857
453
451
695
517
717
506
804
549
732
657
599
523
521
573
748
815
548
873
673
752
643
738
788
849
848
823
705
524
799
591
634
488
478
717
612
498
562
745
744
842
752
556
584
665
867
627
578
522
670
844
612
515
791
701
455
738
638
832
608
598
697
509
559
755
843
733
838
600
701
486
479
669
654
793
516
799
675
735
507
854
520
490
849
518
722
572
635
467
660
589
596
580
543
618
500
688
640
585
839
678
784
556
847
547
751
467
537
801
523
607
850
724
677
678
732
745
870
741
633
627
601
710
559
589
786
786
577
471
604
803
799
857
471
693
468
575
613
810
682
676
716
456
739
584
485
707
714
514
533
846
643
793
534
516
617
699
823
566
864
795
725
633
537
448
527
716
752
645
579
618
762
765
484
779
514
462
875
700
825
537
712
750
488
659
769
701
661
785
478
559
800
508
730
815
645
468
694
783
512
499
486
446
739
497
814
456
478
455
729
459
721
568
465
553
553
752
820
779
604
786
569
724
760
800
582
734
589
441
622
795
584
658
566
694
693
623
805
502
509
482
626
831
627
750
657
473
688
468
753
602
714
492
514
600
534
863
691
577
662
781
514
610
862
455
557
531
831
819
492
804
718
453
452
618
664
535
697
632
564
523
763
850
837
689
559
704
473
703
662
692
520
658
755
753
653
709
550
765
663
608
685
618
631
606
541
653
482
692
555
681
844
611
444
479
667
812
528
723
446
577
662
517
755
670
588
512
679
727
704
644
804
729
633
446
547
620
644
800
612
537
619
715
864
497
819
851
839
485
478
745
506
541
760
534
506
455
564
766
586
703
591
680
576
851
845
448
456
575
579
615
511
757
773
628
446
721
474
564
586
591
750
452
713
500
549
810
689
477
472
776
839
461
778
745
673
780
760
451
525
776
503
695
791
641
867
599
779
691
838
559
625
643
720
558
547
701
508
821
683
775
658
631
607
818
483
873
608
770
754
834
709
728
753
568
702
524
863
709
729
648
745
501
758
780
758
869
859
645
541
547
530
756
671
599
601
755
845
446
668
657
617
581
552
659
495
642
702
699
732
731
592
577
835
539
588
776
538
548
663
874
510
746
773
542
830
523
509
479
838
477
665
717
698
810
531
483
520
526
701
822
521
611
620
516
565
853
653
520
839
572
473
861
493
611
448
596
762
538
796
479
593
559
859
649
869
474
705
503
522
818
574
615
826
598
807
834
605
564
470
681
708
458
757
526
446
598
779
638
492
599
741
820
745
846
870
652
745
498
558
774
560
718
803
522
850
831
782
708
709
553
553
582
799
718
454
728
448
527
451
558
705
609
675
449
526
793
605
827
475
790
693
485
540
691
581
703
618
678
677
545
650
678
503
863
680
518
641
706
534
717
443
548
855
615
721
557
653
525
745
586
764
726
520
856
707
780
693
688
611
532
579
442
864
866
698
655
718
505
446
477
480
470
771
454
676
630
579
447
494
615
653
604
651
675
714
562
562
823
686
447
666
810
757
675
768
514
520
681
760
470
594
450
513
507
540
555
464
630
458
847
520
834
793
482
774
749
442
795
648
838
443
548
473
526
621
876
606
500
844
698
815
490
844
611
709
552
607
494
471
601
685
703
597
639
501
756
593
852
676
642
874
597
465
460
494
616
737
692
766
793
457
586
849
708
636
473
779
684
755
848
692
764
623
449
772
698
641
513
775
469
501
852
722
489
772
540
447
664
798
713
503
720
817
836
627
740
463
533
770
525
622
798
701
753
827
527
449
769
787
699
642
541
864
515
619
593
747
777
658
490
500
777
668
548
458
862
850
578
612
715
473
798
616
570
793
543
667
795
470
622
797
478
835
798
493
612
671
509
713
844
542
851
580
624
553
832
864
533
766
668
515
699
511
496
833
785
477
665
624
744
496
693
596
639
484
449
473
710
463
448
841
757
858
610
616
830
762
503
866
534
614
466
539
724
864
860
677
552
747
523
676
644
804
835
456
649
748
701
594
661
837
637
573
491
680
500
582
675
447
632
615
830
593
556
741
554
709
641
515
793
540
621
441
501
589
652
816
557
514
694
500
658
475
718
803
470
503
773
465
541
570
462
496
803
644
449
647
563
819
669
484
535
691
609
686
719
808
837
775
571
531
831
765
580
453
835
630
476
470
552
484
499
690
656
738
446
720
815
611
707
457
864
696
672
683
636
564
554
739
458
532
844
855
874
573
482
781
602
545
580
631
718
711
661
542
842
613
803
626
485
568
791
792
726
521
750
449
542
493
607
660
671
790
777
467
655
466
652
521
679
838
758
776
693
685
874
695
611
812
696
670
589
698
686
801
855
701
490
591
630
629
763
745
766
794
550
539
728
790
521
661
820
502
668
658
486
501
497
639
496
468
490
631
694
777
605
485
829
580
502
688
554
708
547
700
479
785
735
678
460
771
457
570
567
777
588
691
663
868
815
803
713
684
614
559
598
861
502
511
570
545
841
660
587
754
750
674
702
526
615
648
487
555
516
448
841
852
842
489
750
552
572
598
520
838
478
488
547
793
726
692
555
510
836
550
729
857
545
615
655
554
569
452
748
524
659
668
672
682
588
823
704
505
539
864
868
636
485
632
856
541
550
471
587
620
520
577
689
575
585
756
767
594
834
524
763
474
807
751
551
625
739
845
444
445
737
656
548
630
562
653
657
469
624
719
810
652
783
756
681
516
452
714
776
583
672
601
771
546
459
501
853
617
666
534
775
644
712
498
761
456
812
443
724
678
564
474
544
669
659
682
766
812
609
863
815
537
785
816
647
561
816
662
774
820
678
487
557
846
624
456
814
708
484
618
491
853
857
472
787
857
454
451
695
858
717
534
805
549
733
657
599
523
508
574
749
815
548
873
674
524
644
533
788
849
849
823
641
524
859
592
634
488
478
717
612
799
562
736
745
843
752
556
687
665
803
627
578
522
670
844
612
712
791
702
456
738
638
832
685
598
772
508
559
755
844
526
839
743
702
487
479
669
654
793
637
798
673
736
507
854
520
652
850
740
723
571
636
467
584
589
700
580
543
618
501
688
641
856
840
662
784
555
847
547
707
468
746
801
523
608
851
724
677
465
733
747
870
741
633
627
749
709
819
589
786
786
577
854
605
565
799
858
472
693
468
575
585
810
678
676
716
456
739
623
485
802
715
514
533
846
557
793
541
516
618
700
823
566
865
696
725
594
537
448
528
716
606
645
459
618
762
765
484
749
514
785
877
700
824
537
712
751
580
660
841
701
661
785
478
661
801
691
730
816
646
467
695
783
639
499
486
445
739
497
814
543
478
748
729
460
721
568
443
554
842
752
820
779
604
786
570
457
760
796
582
734
589
441
709
795
735
658
566
694
693
663
806
729
509
480
627
831
627
751
716
472
875
468
753
601
715
597
515
526
535
864
691
577
662
781
620
610
871
455
557
531
831
505
492
771
718
453
451
618
835
535
518
632
564
523
763
850
837
731
559
716
473
704
662
692
848
657
477
753
653
709
551
711
663
784
685
617
631
606
541
653
525
692
674
681
844
611
445
559
667
644
528
723
447
577
662
517
627
670
586
512
679
728
704
688
804
461
632
445
547
620
529
801
608
536
619
715
865
498
819
758
840
487
478
746
506
542
653
535
604
456
564
766
586
635
591
717
576
852
845
448
457
574
756
615
739
757
773
629
446
660
474
625
587
591
750
452
713
500
753
810
686
477
472
776
839
568
778
766
673
780
760
450
771
776
663
696
791
641
867
599
779
604
839
482
625
643
720
559
448
702
492
821
683
775
659
655
607
497
483
874
608
770
754
835
622
728
625
568
703
524
863
677
729
721
745
500
758
780
758
869
817
644
544
547
530
756
671
852
601
796
845
446
668
656
723
582
467
660
495
642
702
699
733
744
592
551
836
539
588
776
487
548
716
874
510
746
773
483
831
673
509
478
838
477
666
717
445
810
597
482
520
526
701
664
520
485
619
515
565
853
650
519
650
572
473
861
492
612
448
847
763
471
796
479
594
559
635
649
758
473
705
504
522
818
573
571
826
643
807
835
605
564
843
681
756
458
757
526
447
805
779
869
492
597
741
820
745
845
712
651
514
497
558
774
560
465
803
624
849
832
783
708
730
553
838
581
813
718
454
729
448
761
451
613
705
609
675
449
764
792
628
827
475
789
693
484
541
558
581
725
618
678
677
545
775
678
472
863
680
518
640
684
533
853
443
549
854
615
720
557
787
525
695
586
764
727
521
570
707
454
693
688
612
533
623
443
806
866
710
655
718
505
446
570
479
672
771
454
676
630
862
447
489
615
652
604
651
676
715
686
561
825
686
448
666
810
769
675
445
514
520
681
760
783
594
572
512
508
540
556
464
629
597
847
720
834
793
481
774
740
442
715
648
838
443
548
693
527
449
877
609
500
844
699
815
810
844
693
709
552
607
494
695
601
712
703
596
639
501
756
593
734
677
547
874
596
464
461
517
616
483
692
767
793
456
487
849
655
635
470
778
684
755
848
734
764
482
449
773
698
641
781
775
834
501
852
722
490
546
541
478
664
793
714
503
720
817
831
627
486
463
534
769
526
875
799
588
753
828
527
449
771
787
580
642
611
863
515
618
593
822
777
758
490
500
777
668
655
458
847
850
576
613
715
473
798
581
571
547
543
667
795
470
764
796
832
834
798
493
612
785
509
824
844
524
851
580
624
552
752
864
690
766
668
515
699
473
497
633
784
477
664
623
656
496
462
596
763
484
449
473
710
736
448
501
757
857
611
615
778
762
638
865
532
614
466
538
724
502
860
834
552
746
523
676
633
804
800
456
649
748
701
500
661
513
638
575
491
680
500
581
723
448
671
615
830
593
556
777
554
496
641
515
793
541
534
441
876
589
524
816
557
514
695
525
658
574
718
803
470
503
515
465
722
570
459
495
804
644
450
600
563
839
669
483
535
691
839
686
713
808
838
775
571
553
832
770
580
452
835
629
476
470
678
484
539
690
656
739
446
665
815
638
708
456
864
696
564
682
684
564
501
739
458
532
844
786
874
512
482
780
602
545
687
631
608
711
660
543
842
612
803
538
485
628
792
792
726
521
665
449
686
493
607
659
671
767
777
850
655
459
652
521
680
838
822
776
588
685
874
695
611
536
697
538
589
698
686
801
720
702
578
591
717
628
763
746
766
499
550
469
727
790
520
661
595
502
594
658
483
501
497
636
495
716
491
762
694
777
605
485
630
579
711
688
554
708
547
531
479
840
735
685
460
771
457
570
807
778
681
691
663
869
816
550
713
504
614
559
598
861
818
511
672
545
860
660
587
754
750
630
701
841
615
649
487
555
596
448
495
851
844
489
751
703
572
650
520
656
478
489
547
793
456
692
672
511
837
550
729
548
545
514
655
540
569
452
748
524
684
668
478
681
588
824
704
508
539
454
868
637
485
632
790
542
830
471
597
620
519
577
690
569
585
759
767
594
833
524
603
474
716
751
550
625
740
672
444
727
737
697
548
630
562
652
523
469
756
719
810
653
783
717
681
846
452
710
776
583
673
601
714
545
862
501
853
617
666
725
775
831
713
498
761
457
659
443
635
678
560
474
544
669
660
845
766
846
609
862
814
536
525
815
463
561
817
661
773
818
677
551
557
692
624
456
813
707
628
618
846
853
858
472
786
662
453
720
695
870
718
533
825
549
807
656
816
523
508
574
749
795
549
540
673
523
643
532
500
849
827
824
619
523
860
591
634
459
478
744
612
799
562
736
685
842
860
556
687
665
803
537
579
614
670
492
612
712
791
702
754
738
792
832
686
598
772
632
559
712
843
520
839
743
539
487
643
669
569
793
637
799
673
604
507
552
520
652
849
739
796
572
469
467
567
589
699
580
543
498
501
497
640
856
840
662
776
555
684
547
706
468
746
857
523
510
850
580
677
465
732
746
514
741
817
627
749
710
819
758
786
576
577
863
604
565
540
858
553
692
676
575
585
810
678
478
716
782
739
623
485
802
529
514
865
846
543
793
541
534
618
673
824
442
864
696
725
594
568
448
759
715
606
645
459
762
762
638
484
444
515
785
876
700
651
537
450
751
580
659
841
677
661
768
478
663
800
691
668
816
469
467
831
784
639
499
486
810
739
624
814
544
478
748
783
460
681
568
441
553
842
827
821
680
604
652
570
457
760
796
744
734
587
442
709
795
736
683
566
594
693
771
805
729
509
481
765
831
590
750
716
472
875
603
753
563
714
599
515
526
446
864
773
577
777
782
620
610
872
663
557
526
831
505
492
771
452
453
712
618
849
535
518
789
564
581
763
648
838
731
559
716
698
704
595
692
849
658
477
558
653
695
551
648
663
784
669
617
581
605
571
654
526
692
675
446
845
697
444
560
667
643
709
723
843
577
780
517
627
671
587
676
679
656
704
687
804
461
696
445
653
621
522
801
608
595
619
597
865
873
819
757
840
487
651
745
591
541
653
535
604
559
564
666
586
593
592
717
611
852
848
448
676
575
756
615
739
629
774
469
446
659
474
625
817
591
803
452
708
501
753
810
686
619
472
871
839
569
778
765
665
779
693
451
781
776
663
781
791
876
867
806
779
604
839
482
776
643
619
558
448
701
492
687
683
861
659
664
607
497
631
874
771
770
706
835
622
728
625
474
703
851
863
677
730
721
653
500
580
781
706
869
816
559
544
852
530
655
671
852
601
797
738
446
484
657
726
581
468
573
495
713
702
844
733
745
592
551
732
539
641
776
487
549
716
870
510
656
774
471
830
673
854
478
573
477
561
717
445
811
596
847
519
476
702
663
520
486
809
516
705
853
511
519
650
518
474
448
493
864
448
848
763
471
768
479
493
560
631
650
759
781
706
522
522
762
573
572
825
643
621
836
713
564
844
681
756
852
757
513
447
834
779
871
476
597
858
821
851
846
713
652
514
606
558
618
561
465
804
624
806
832
687
708
806
553
839
821
813
535
454
638
448
762
451
613
635
609
778
449
768
793
628
491
474
806
693
592
540
558
669
726
859
678
476
545
775
679
472
872
680
835
640
682
533
853
682
548
630
616
564
557
787
525
694
523
765
833
520
569
708
454
809
688
823
533
670
443
807
657
709
645
718
542
446
570
480
672
858
454
463
631
863
447
489
838
652
783
651
858
714
686
622
825
721
448
501
810
769
675
445
818
520
569
761
801
594
572
646
508
819
555
857
630
598
813
720
640
794
810
774
741
442
715
688
839
656
548
799
526
448
761
610
783
844
693
815
811
844
694
779
553
573
494
697
602
713
841
596
497
502
591
594
734
589
547
532
597
501
461
517
616
483
872
767
505
456
483
849
656
634
470
855
684
526
848
734
619
482
783
773
552
641
781
775
833
789
852
590
489
493
541
478
569
794
847
503
775
817
831
624
486
723
533
589
526
876
799
588
782
828
652
449
856
787
580
453
611
711
515
872
593
823
777
758
695
499
488
668
658
459
847
816
576
590
715
693
798
581
794
547
447
667
733
469
764
796
832
861
798
759
612
800
509
825
802
524
602
580
539
553
752
665
690
488
668
828
699
473
496
633
712
477
567
624
459
496
462
874
764
736
449
594
710
736
448
501
588
858
727
615
778
762
638
752
533
497
466
738
725
502
517
835
538
746
510
677
633
804
801
519
649
489
702
494
662
513
774
575
760
680
489
581
722
790
672
765
831
761
556
777
554
496
725
515
873
540
476
441
876
871
524
775
557
607
695
524
671
574
493
803
453
503
513
464
722
657
460
506
803
454
449
601
451
840
834
484
793
691
840
686
713
759
838
735
571
554
832
770
705
452
534
629
508
470
678
561
540
456
656
554
446
665
816
639
673
457
831
696
533
682
684
609
501
672
457
754
844
785
635
512
678
781
616
545
687
631
608
594
660
671
843
689
802
538
716
628
669
792
453
521
665
469
686
